==================== Throughput stats ====================
SIZE | FPS
64 | 910583
128 | 560507
256 | 128102
==================== Metrics ====================
NAME | PNSR | SSIM
SET14 | 28.0326 | 0.7490
BSD100 | 24.0659 | 0.6730
URBAN100 | 27.3436 | 0.7945
MANGA109 | 23.4023 | 0.7885
==================== Memory stats ====================
            module name    input shape   output shape     params memory(MB)               MAdd              Flops   MemRead(B)  MemWrite(B) duration[%]     MemR+W(B)
0      sub_mean.shifter      3 256 256      3 256 256       12.0       0.75        1,179,648.0          786,432.0     786432.0     786432.0       2.89%  1.572864e+06
1      add_mean.shifter    3 1024 1024    3 1024 1024       12.0      12.00       18,874,368.0       12,582,912.0   12582912.0   12582912.0       1.62%  2.516582e+07
2                 entry      3 256 256     64 256 256     1792.0      16.00      226,492,416.0      117,440,512.0     793600.0   16777216.0       0.26%  1.757082e+07
3          b1.b1.body.0     64 256 256     64 256 256    36928.0      16.00    4,831,838,208.0    2,420,113,408.0   16924928.0   16777216.0       1.63%  3.370214e+07
4          b1.b1.body.1     64 256 256     64 256 256        0.0      16.00        4,194,304.0        4,194,304.0   16777216.0   16777216.0       0.05%  3.355443e+07
5          b1.b1.body.2     64 256 256     64 256 256    36928.0      16.00    4,831,838,208.0    2,420,113,408.0   16924928.0   16777216.0       1.30%  3.370214e+07
6          b1.b2.body.0     64 256 256     64 256 256    36928.0      16.00    4,831,838,208.0    2,420,113,408.0   16924928.0   16777216.0       1.52%  3.370214e+07
7          b1.b2.body.1     64 256 256     64 256 256        0.0      16.00        4,194,304.0        4,194,304.0   16777216.0   16777216.0       0.05%  3.355443e+07
8          b1.b2.body.2     64 256 256     64 256 256    36928.0      16.00    4,831,838,208.0    2,420,113,408.0   16924928.0   16777216.0       1.27%  3.370214e+07
9          b1.b3.body.0     64 256 256     64 256 256    36928.0      16.00    4,831,838,208.0    2,420,113,408.0   16924928.0   16777216.0       1.27%  3.370214e+07
10         b1.b3.body.1     64 256 256     64 256 256        0.0      16.00        4,194,304.0        4,194,304.0   16777216.0   16777216.0       0.04%  3.355443e+07
11         b1.b3.body.2     64 256 256     64 256 256    36928.0      16.00    4,831,838,208.0    2,420,113,408.0   16924928.0   16777216.0       1.35%  3.370214e+07
12         b1.c1.body.0    128 256 256     64 256 256     8256.0      16.00    1,073,741,824.0      541,065,216.0   33587456.0   16777216.0       1.54%  5.036467e+07
13         b1.c1.body.1     64 256 256     64 256 256        0.0      16.00        4,194,304.0        4,194,304.0   16777216.0   16777216.0       0.04%  3.355443e+07
14         b1.c2.body.0    192 256 256     64 256 256    12352.0      16.00    1,610,612,736.0      809,500,672.0   50381056.0   16777216.0       1.86%  6.715827e+07
15         b1.c2.body.1     64 256 256     64 256 256        0.0      16.00        4,194,304.0        4,194,304.0   16777216.0   16777216.0       0.04%  3.355443e+07
16         b1.c3.body.0    256 256 256     64 256 256    16448.0      16.00    2,147,483,648.0    1,077,936,128.0   67174656.0   16777216.0       2.47%  8.395187e+07
17         b1.c3.body.1     64 256 256     64 256 256        0.0      16.00        4,194,304.0        4,194,304.0   16777216.0   16777216.0       0.04%  3.355443e+07
18         b2.b1.body.0     64 256 256     64 256 256    36928.0      16.00    4,831,838,208.0    2,420,113,408.0   16924928.0   16777216.0       1.49%  3.370214e+07
19         b2.b1.body.1     64 256 256     64 256 256        0.0      16.00        4,194,304.0        4,194,304.0   16777216.0   16777216.0       0.04%  3.355443e+07
20         b2.b1.body.2     64 256 256     64 256 256    36928.0      16.00    4,831,838,208.0    2,420,113,408.0   16924928.0   16777216.0       1.27%  3.370214e+07
21         b2.b2.body.0     64 256 256     64 256 256    36928.0      16.00    4,831,838,208.0    2,420,113,408.0   16924928.0   16777216.0       1.46%  3.370214e+07
22         b2.b2.body.1     64 256 256     64 256 256        0.0      16.00        4,194,304.0        4,194,304.0   16777216.0   16777216.0       0.04%  3.355443e+07
23         b2.b2.body.2     64 256 256     64 256 256    36928.0      16.00    4,831,838,208.0    2,420,113,408.0   16924928.0   16777216.0       1.26%  3.370214e+07
24         b2.b3.body.0     64 256 256     64 256 256    36928.0      16.00    4,831,838,208.0    2,420,113,408.0   16924928.0   16777216.0       1.26%  3.370214e+07
25         b2.b3.body.1     64 256 256     64 256 256        0.0      16.00        4,194,304.0        4,194,304.0   16777216.0   16777216.0       0.04%  3.355443e+07
26         b2.b3.body.2     64 256 256     64 256 256    36928.0      16.00    4,831,838,208.0    2,420,113,408.0   16924928.0   16777216.0       1.34%  3.370214e+07
27         b2.c1.body.0    128 256 256     64 256 256     8256.0      16.00    1,073,741,824.0      541,065,216.0   33587456.0   16777216.0       1.34%  5.036467e+07
28         b2.c1.body.1     64 256 256     64 256 256        0.0      16.00        4,194,304.0        4,194,304.0   16777216.0   16777216.0       0.04%  3.355443e+07
29         b2.c2.body.0    192 256 256     64 256 256    12352.0      16.00    1,610,612,736.0      809,500,672.0   50381056.0   16777216.0       1.80%  6.715827e+07
30         b2.c2.body.1     64 256 256     64 256 256        0.0      16.00        4,194,304.0        4,194,304.0   16777216.0   16777216.0       0.04%  3.355443e+07
31         b2.c3.body.0    256 256 256     64 256 256    16448.0      16.00    2,147,483,648.0    1,077,936,128.0   67174656.0   16777216.0       2.39%  8.395187e+07
32         b2.c3.body.1     64 256 256     64 256 256        0.0      16.00        4,194,304.0        4,194,304.0   16777216.0   16777216.0       0.04%  3.355443e+07
33         b3.b1.body.0     64 256 256     64 256 256    36928.0      16.00    4,831,838,208.0    2,420,113,408.0   16924928.0   16777216.0       1.47%  3.370214e+07
34         b3.b1.body.1     64 256 256     64 256 256        0.0      16.00        4,194,304.0        4,194,304.0   16777216.0   16777216.0       0.04%  3.355443e+07
35         b3.b1.body.2     64 256 256     64 256 256    36928.0      16.00    4,831,838,208.0    2,420,113,408.0   16924928.0   16777216.0       1.45%  3.370214e+07
36         b3.b2.body.0     64 256 256     64 256 256    36928.0      16.00    4,831,838,208.0    2,420,113,408.0   16924928.0   16777216.0       1.45%  3.370214e+07
37         b3.b2.body.1     64 256 256     64 256 256        0.0      16.00        4,194,304.0        4,194,304.0   16777216.0   16777216.0       0.04%  3.355443e+07
38         b3.b2.body.2     64 256 256     64 256 256    36928.0      16.00    4,831,838,208.0    2,420,113,408.0   16924928.0   16777216.0       1.24%  3.370214e+07
39         b3.b3.body.0     64 256 256     64 256 256    36928.0      16.00    4,831,838,208.0    2,420,113,408.0   16924928.0   16777216.0       1.25%  3.370214e+07
40         b3.b3.body.1     64 256 256     64 256 256        0.0      16.00        4,194,304.0        4,194,304.0   16777216.0   16777216.0       0.04%  3.355443e+07
41         b3.b3.body.2     64 256 256     64 256 256    36928.0      16.00    4,831,838,208.0    2,420,113,408.0   16924928.0   16777216.0       1.33%  3.370214e+07
42         b3.c1.body.0    128 256 256     64 256 256     8256.0      16.00    1,073,741,824.0      541,065,216.0   33587456.0   16777216.0       1.19%  5.036467e+07
43         b3.c1.body.1     64 256 256     64 256 256        0.0      16.00        4,194,304.0        4,194,304.0   16777216.0   16777216.0       0.04%  3.355443e+07
44         b3.c2.body.0    192 256 256     64 256 256    12352.0      16.00    1,610,612,736.0      809,500,672.0   50381056.0   16777216.0       1.74%  6.715827e+07
45         b3.c2.body.1     64 256 256     64 256 256        0.0      16.00        4,194,304.0        4,194,304.0   16777216.0   16777216.0       0.04%  3.355443e+07
46         b3.c3.body.0    256 256 256     64 256 256    16448.0      16.00    2,147,483,648.0    1,077,936,128.0   67174656.0   16777216.0       2.33%  8.395187e+07
47         b3.c3.body.1     64 256 256     64 256 256        0.0      16.00        4,194,304.0        4,194,304.0   16777216.0   16777216.0       0.04%  3.355443e+07
48            c1.body.0    128 256 256     64 256 256     8256.0      16.00    1,073,741,824.0      541,065,216.0   33587456.0   16777216.0       1.36%  5.036467e+07
49            c1.body.1     64 256 256     64 256 256        0.0      16.00        4,194,304.0        4,194,304.0   16777216.0   16777216.0       0.04%  3.355443e+07
50            c2.body.0    192 256 256     64 256 256    12352.0      16.00    1,610,612,736.0      809,500,672.0   50381056.0   16777216.0       1.89%  6.715827e+07
51            c2.body.1     64 256 256     64 256 256        0.0      16.00        4,194,304.0        4,194,304.0   16777216.0   16777216.0       0.04%  3.355443e+07
52            c3.body.0    256 256 256     64 256 256    16448.0      16.00    2,147,483,648.0    1,077,936,128.0   67174656.0   16777216.0       2.36%  8.395187e+07
53            c3.body.1     64 256 256     64 256 256        0.0      16.00        4,194,304.0        4,194,304.0   16777216.0   16777216.0       0.04%  3.355443e+07
54  upsample.up2.body.0      0   0   0      0   0   0        0.0       0.00                0.0                0.0          0.0          0.0       0.00%  0.000000e+00
55  upsample.up2.body.1      0   0   0      0   0   0        0.0       0.00                0.0                0.0          0.0          0.0       0.00%  0.000000e+00
56  upsample.up2.body.2      0   0   0      0   0   0        0.0       0.00                0.0                0.0          0.0          0.0       0.00%  0.000000e+00
57  upsample.up3.body.0      0   0   0      0   0   0        0.0       0.00                0.0                0.0          0.0          0.0       0.00%  0.000000e+00
58  upsample.up3.body.1      0   0   0      0   0   0        0.0       0.00                0.0                0.0          0.0          0.0       0.00%  0.000000e+00
59  upsample.up3.body.2      0   0   0      0   0   0        0.0       0.00                0.0                0.0          0.0          0.0       0.00%  0.000000e+00
60  upsample.up4.body.0     64 256 256    256 256 256   147712.0      64.00   19,327,352,832.0    9,680,453,632.0   17368064.0   67108864.0       6.13%  8.447693e+07
61  upsample.up4.body.1    256 256 256    256 256 256        0.0      64.00       16,777,216.0       16,777,216.0   67108864.0   67108864.0       0.30%  1.342177e+08
62  upsample.up4.body.2    256 256 256     64 512 512        0.0      64.00                0.0                0.0          0.0          0.0       0.93%  0.000000e+00
63  upsample.up4.body.3     64 512 512    256 512 512   147712.0     256.00   77,309,411,328.0   38,721,814,528.0   67699712.0  268435456.0      24.77%  3.361352e+08
64  upsample.up4.body.4    256 512 512    256 512 512        0.0     256.00       67,108,864.0       67,108,864.0  268435456.0  268435456.0       1.88%  5.368709e+08
65  upsample.up4.body.5    256 512 512   64 1024 1024        0.0     256.00                0.0                0.0          0.0          0.0       3.32%  0.000000e+00
66                 exit   64 1024 1024    3 1024 1024     1731.0      12.00    3,623,878,656.0    1,815,085,056.0  268442380.0   12582912.0      10.10%  2.810253e+08
67                                                     1111899.0    1816.75  206,979,596,288.0  103,796,178,944.0  268442380.0   12582912.0     100.00%  3.534216e+09
=====================================================================================================================================================================
Total params: 1,111,899
---------------------------------------------------------------------------------------------------------------------------------------------------------------------
Total memory: 1816.75MB
Total MAdd: 206.98GMAdd
Total Flops: 103.8GFlops
Total MemR+W: 3.29GB

==================== DONE ====================
Total time: 52.0313