==================== Throughput stats ====================
SIZE | FPS
64 | 558748
128 | 562314
256 | 301439
==================== Metrics ====================
NAME | PNSR | SSIM
SET14 | 27.8040 | 0.7508
BSD100 | 24.0524 | 0.7002
URBAN100 | 27.2880 | 0.8201
MANGA109 | 23.4331 | 0.8176
==================== Memory stats ====================
            module name  input shape   output shape    params memory(MB)              MAdd             Flops   MemRead(B)  MemWrite(B) duration[%]     MemR+W(B)
0              fea_conv    3 256 256     64 256 256    1792.0      16.00     226,492,416.0     117,440,512.0     793600.0   16777216.0       0.38%  1.757082e+07
1              IMDB1.c1   64 256 256     64 256 256   36928.0      16.00   4,831,838,208.0   2,420,113,408.0   16924928.0   16777216.0       5.31%  3.370214e+07
2              IMDB1.c2   48 256 256     64 256 256   27712.0      16.00   3,623,878,656.0   1,816,133,632.0   12693760.0   16777216.0       3.53%  2.947098e+07
3              IMDB1.c3   48 256 256     64 256 256   27712.0      16.00   3,623,878,656.0   1,816,133,632.0   12693760.0   16777216.0       3.48%  2.947098e+07
4              IMDB1.c4   48 256 256     16 256 256    6928.0       4.00     905,969,664.0     454,033,408.0   12610624.0    4194304.0       1.12%  1.680493e+07
5             IMDB1.act   64 256 256     64 256 256       0.0      16.00               0.0       4,194,304.0   16777216.0   16777216.0       0.09%  3.355443e+07
6              IMDB1.c5   64 256 256     64 256 256    4160.0      16.00     536,870,912.0     272,629,760.0   16793856.0   16777216.0       1.02%  3.357107e+07
7    IMDB1.cca.avg_pool   64 256 256     64   1   1       0.0       0.00               0.0               0.0          0.0          0.0       0.07%  0.000000e+00
8   IMDB1.cca.conv_du.0   64   1   1      4   1   1     260.0       0.00             512.0             260.0       1296.0         16.0       0.01%  1.312000e+03
9   IMDB1.cca.conv_du.1    4   1   1      4   1   1       0.0       0.00               4.0               4.0         16.0         16.0       0.00%  3.200000e+01
10  IMDB1.cca.conv_du.2    4   1   1     64   1   1     320.0       0.00             512.0             320.0       1296.0        256.0       0.00%  1.552000e+03
11  IMDB1.cca.conv_du.3   64   1   1     64   1   1       0.0       0.00               0.0               0.0          0.0          0.0       0.00%  0.000000e+00
12             IMDB2.c1   64 256 256     64 256 256   36928.0      16.00   4,831,838,208.0   2,420,113,408.0   16924928.0   16777216.0       5.30%  3.370214e+07
13             IMDB2.c2   48 256 256     64 256 256   27712.0      16.00   3,623,878,656.0   1,816,133,632.0   12693760.0   16777216.0       3.47%  2.947098e+07
14             IMDB2.c3   48 256 256     64 256 256   27712.0      16.00   3,623,878,656.0   1,816,133,632.0   12693760.0   16777216.0       3.45%  2.947098e+07
15             IMDB2.c4   48 256 256     16 256 256    6928.0       4.00     905,969,664.0     454,033,408.0   12610624.0    4194304.0       1.10%  1.680493e+07
16            IMDB2.act   64 256 256     64 256 256       0.0      16.00               0.0       4,194,304.0   16777216.0   16777216.0       0.08%  3.355443e+07
17             IMDB2.c5   64 256 256     64 256 256    4160.0      16.00     536,870,912.0     272,629,760.0   16793856.0   16777216.0       1.00%  3.357107e+07
18   IMDB2.cca.avg_pool   64 256 256     64   1   1       0.0       0.00               0.0               0.0          0.0          0.0       0.06%  0.000000e+00
19  IMDB2.cca.conv_du.0   64   1   1      4   1   1     260.0       0.00             512.0             260.0       1296.0         16.0       0.00%  1.312000e+03
20  IMDB2.cca.conv_du.1    4   1   1      4   1   1       0.0       0.00               4.0               4.0         16.0         16.0       0.00%  3.200000e+01
21  IMDB2.cca.conv_du.2    4   1   1     64   1   1     320.0       0.00             512.0             320.0       1296.0        256.0       0.00%  1.552000e+03
22  IMDB2.cca.conv_du.3   64   1   1     64   1   1       0.0       0.00               0.0               0.0          0.0          0.0       0.00%  0.000000e+00
23             IMDB3.c1   64 256 256     64 256 256   36928.0      16.00   4,831,838,208.0   2,420,113,408.0   16924928.0   16777216.0       5.23%  3.370214e+07
24             IMDB3.c2   48 256 256     64 256 256   27712.0      16.00   3,623,878,656.0   1,816,133,632.0   12693760.0   16777216.0       3.47%  2.947098e+07
25             IMDB3.c3   48 256 256     64 256 256   27712.0      16.00   3,623,878,656.0   1,816,133,632.0   12693760.0   16777216.0       3.46%  2.947098e+07
26             IMDB3.c4   48 256 256     16 256 256    6928.0       4.00     905,969,664.0     454,033,408.0   12610624.0    4194304.0       1.10%  1.680493e+07
27            IMDB3.act   64 256 256     64 256 256       0.0      16.00               0.0       4,194,304.0   16777216.0   16777216.0       0.08%  3.355443e+07
28             IMDB3.c5   64 256 256     64 256 256    4160.0      16.00     536,870,912.0     272,629,760.0   16793856.0   16777216.0       0.99%  3.357107e+07
29   IMDB3.cca.avg_pool   64 256 256     64   1   1       0.0       0.00               0.0               0.0          0.0          0.0       0.06%  0.000000e+00
30  IMDB3.cca.conv_du.0   64   1   1      4   1   1     260.0       0.00             512.0             260.0       1296.0         16.0       0.00%  1.312000e+03
31  IMDB3.cca.conv_du.1    4   1   1      4   1   1       0.0       0.00               4.0               4.0         16.0         16.0       0.00%  3.200000e+01
32  IMDB3.cca.conv_du.2    4   1   1     64   1   1     320.0       0.00             512.0             320.0       1296.0        256.0       0.00%  1.552000e+03
33  IMDB3.cca.conv_du.3   64   1   1     64   1   1       0.0       0.00               0.0               0.0          0.0          0.0       0.00%  0.000000e+00
34             IMDB4.c1   64 256 256     64 256 256   36928.0      16.00   4,831,838,208.0   2,420,113,408.0   16924928.0   16777216.0       5.23%  3.370214e+07
35             IMDB4.c2   48 256 256     64 256 256   27712.0      16.00   3,623,878,656.0   1,816,133,632.0   12693760.0   16777216.0       3.46%  2.947098e+07
36             IMDB4.c3   48 256 256     64 256 256   27712.0      16.00   3,623,878,656.0   1,816,133,632.0   12693760.0   16777216.0       3.47%  2.947098e+07
37             IMDB4.c4   48 256 256     16 256 256    6928.0       4.00     905,969,664.0     454,033,408.0   12610624.0    4194304.0       1.10%  1.680493e+07
38            IMDB4.act   64 256 256     64 256 256       0.0      16.00               0.0       4,194,304.0   16777216.0   16777216.0       0.08%  3.355443e+07
39             IMDB4.c5   64 256 256     64 256 256    4160.0      16.00     536,870,912.0     272,629,760.0   16793856.0   16777216.0       0.99%  3.357107e+07
40   IMDB4.cca.avg_pool   64 256 256     64   1   1       0.0       0.00               0.0               0.0          0.0          0.0       0.06%  0.000000e+00
41  IMDB4.cca.conv_du.0   64   1   1      4   1   1     260.0       0.00             512.0             260.0       1296.0         16.0       0.00%  1.312000e+03
42  IMDB4.cca.conv_du.1    4   1   1      4   1   1       0.0       0.00               4.0               4.0         16.0         16.0       0.00%  3.200000e+01
43  IMDB4.cca.conv_du.2    4   1   1     64   1   1     320.0       0.00             512.0             320.0       1296.0        256.0       0.00%  1.552000e+03
44  IMDB4.cca.conv_du.3   64   1   1     64   1   1       0.0       0.00               0.0               0.0          0.0          0.0       0.00%  0.000000e+00
45             IMDB5.c1   64 256 256     64 256 256   36928.0      16.00   4,831,838,208.0   2,420,113,408.0   16924928.0   16777216.0       5.22%  3.370214e+07
46             IMDB5.c2   48 256 256     64 256 256   27712.0      16.00   3,623,878,656.0   1,816,133,632.0   12693760.0   16777216.0       3.46%  2.947098e+07
47             IMDB5.c3   48 256 256     64 256 256   27712.0      16.00   3,623,878,656.0   1,816,133,632.0   12693760.0   16777216.0       3.45%  2.947098e+07
48             IMDB5.c4   48 256 256     16 256 256    6928.0       4.00     905,969,664.0     454,033,408.0   12610624.0    4194304.0       1.09%  1.680493e+07
49            IMDB5.act   64 256 256     64 256 256       0.0      16.00               0.0       4,194,304.0   16777216.0   16777216.0       0.08%  3.355443e+07
50             IMDB5.c5   64 256 256     64 256 256    4160.0      16.00     536,870,912.0     272,629,760.0   16793856.0   16777216.0       0.99%  3.357107e+07
51   IMDB5.cca.avg_pool   64 256 256     64   1   1       0.0       0.00               0.0               0.0          0.0          0.0       0.06%  0.000000e+00
52  IMDB5.cca.conv_du.0   64   1   1      4   1   1     260.0       0.00             512.0             260.0       1296.0         16.0       0.00%  1.312000e+03
53  IMDB5.cca.conv_du.1    4   1   1      4   1   1       0.0       0.00               4.0               4.0         16.0         16.0       0.00%  3.200000e+01
54  IMDB5.cca.conv_du.2    4   1   1     64   1   1     320.0       0.00             512.0             320.0       1296.0        256.0       0.00%  1.552000e+03
55  IMDB5.cca.conv_du.3   64   1   1     64   1   1       0.0       0.00               0.0               0.0          0.0          0.0       0.00%  0.000000e+00
56             IMDB6.c1   64 256 256     64 256 256   36928.0      16.00   4,831,838,208.0   2,420,113,408.0   16924928.0   16777216.0       5.23%  3.370214e+07
57             IMDB6.c2   48 256 256     64 256 256   27712.0      16.00   3,623,878,656.0   1,816,133,632.0   12693760.0   16777216.0       3.47%  2.947098e+07
58             IMDB6.c3   48 256 256     64 256 256   27712.0      16.00   3,623,878,656.0   1,816,133,632.0   12693760.0   16777216.0       3.47%  2.947098e+07
59             IMDB6.c4   48 256 256     16 256 256    6928.0       4.00     905,969,664.0     454,033,408.0   12610624.0    4194304.0       1.11%  1.680493e+07
60            IMDB6.act   64 256 256     64 256 256       0.0      16.00               0.0       4,194,304.0   16777216.0   16777216.0       0.09%  3.355443e+07
61             IMDB6.c5   64 256 256     64 256 256    4160.0      16.00     536,870,912.0     272,629,760.0   16793856.0   16777216.0       1.00%  3.357107e+07
62   IMDB6.cca.avg_pool   64 256 256     64   1   1       0.0       0.00               0.0               0.0          0.0          0.0       0.06%  0.000000e+00
63  IMDB6.cca.conv_du.0   64   1   1      4   1   1     260.0       0.00             512.0             260.0       1296.0         16.0       0.00%  1.312000e+03
64  IMDB6.cca.conv_du.1    4   1   1      4   1   1       0.0       0.00               4.0               4.0         16.0         16.0       0.00%  3.200000e+01
65  IMDB6.cca.conv_du.2    4   1   1     64   1   1     320.0       0.00             512.0             320.0       1296.0        256.0       0.00%  1.552000e+03
66  IMDB6.cca.conv_du.3   64   1   1     64   1   1       0.0       0.00               0.0               0.0          0.0          0.0       0.00%  0.000000e+00
67                  c.0  384 256 256     64 256 256   24640.0      16.00   3,221,225,472.0   1,614,807,040.0  100761856.0   16777216.0       3.66%  1.175391e+08
68                  c.1   64 256 256     64 256 256       0.0      16.00               0.0       4,194,304.0   16777216.0   16777216.0       0.09%  3.355443e+07
69              LR_conv   64 256 256     64 256 256   36928.0      16.00   4,831,838,208.0   2,420,113,408.0   16924928.0   16777216.0       5.25%  3.370214e+07
70          upsampler.0   64 256 256     48 256 256   27696.0      12.00   3,623,878,656.0   1,815,085,056.0   16888000.0   12582912.0       3.52%  2.947091e+07
71          upsampler.1   48 256 256    3 1024 1024       0.0      12.00               0.0               0.0          0.0          0.0       0.43%  0.000000e+00
72                                                   715176.0     592.00  93,038,057,496.0  46,671,072,688.0          0.0          0.0     100.00%  1.291302e+09
================================================================================================================================================================
Total params: 715,176
----------------------------------------------------------------------------------------------------------------------------------------------------------------
Total memory: 592.00MB
Total MAdd: 93.04GMAdd
Total Flops: 46.67GFlops
Total MemR+W: 1.2GB

==================== DONE ====================
Total time: 51.5469