==================== Throughput stats ====================
SIZE | FPS
64 | 185081
128 | 96990
256 | 20843
==================== Metrics ====================
NAME | PNSR | SSIM
SET14 | 28.0364 | 0.7677
BSD100 | 24.1766 | 0.7103
URBAN100 | 27.1437 | 0.8263
MANGA109 | 23.7909 | 0.8338
==================== Memory stats ====================
                           module name  input shape   output shape    params memory(MB)              MAdd             Flops  MemRead(B)  MemWrite(B) duration[%]     MemR+W(B)
0                           conv_first    3 256 256     60 256 256    1680.0      15.00     212,336,640.0     110,100,480.0    793152.0   15728640.0       0.55%  1.652179e+07
1         body.0.blocks.0.cab.excite.0    0   0   0      0   0   0       0.0       0.00               0.0               0.0         0.0          0.0       0.00%  0.000000e+00
2         body.0.blocks.0.cab.excite.1    0   0   0      0   0   0       0.0       0.00               0.0               0.0         0.0          0.0       0.00%  0.000000e+00
3         body.0.blocks.0.cab.excite.2    0   0   0      0   0   0       0.0       0.00               0.0               0.0         0.0          0.0       0.00%  0.000000e+00
4         body.0.blocks.0.cab.excite.3    0   0   0      0   0   0       0.0       0.00               0.0               0.0         0.0          0.0       0.00%  0.000000e+00
5         body.0.blocks.0.cab.excite.4    0   0   0      0   0   0       0.0       0.00               0.0               0.0         0.0          0.0       0.00%  0.000000e+00
6      body.0.blocks.0.cab.next.dwconv   60 256 256     60 256 256    3000.0      15.00     385,351,680.0     196,608,000.0  15740640.0   15728640.0       0.60%  3.146928e+07
7        body.0.blocks.0.cab.next.norm  256 256  60    256 256  60     120.0      15.00               0.0               0.0         0.0          0.0       0.33%  0.000000e+00
8     body.0.blocks.0.cab.next.pwconv1  256 256  60    256 256 240   14640.0      60.00         130,816.0          65,536.0  15787200.0   62914560.0       1.70%  7.870176e+07
9         body.0.blocks.0.cab.next.act  256 256 240    256 256 240       0.0      60.00               0.0               0.0         0.0          0.0       1.21%  0.000000e+00
10        body.0.blocks.0.cab.next.grn  256 256 240    256 256 240     480.0      60.00               0.0               0.0         0.0          0.0       9.79%  0.000000e+00
11    body.0.blocks.0.cab.next.pwconv2  256 256 240    256 256  60   14460.0      15.00         130,816.0          65,536.0  62972400.0   15728640.0       1.09%  7.870104e+07
12  body.0.blocks.0.cab.next.drop_path    0   0   0      0   0   0       0.0       0.00               0.0               0.0         0.0          0.0       0.00%  0.000000e+00
13             body.0.blocks.0.mlp.fc1   60 256 256    120 256 256   64800.0      30.00   8,485,601,280.0   4,246,732,800.0  15987840.0   31457280.0       4.04%  4.744512e+07
14             body.0.blocks.0.mlp.act  120 256 256    120 256 256       0.0      30.00               0.0               0.0         0.0          0.0       0.37%  0.000000e+00
15             body.0.blocks.0.mlp.fc2  120 256 256     60 256 256   64800.0      15.00   8,489,533,440.0   4,246,732,800.0  31716480.0   15728640.0       3.69%  4.744512e+07
16                         body.0.conv   60 256 256     60 256 256   32460.0      15.00   4,246,732,800.0   2,127,298,560.0  15858480.0   15728640.0       1.90%  3.158712e+07
17        body.1.blocks.0.cab.excite.0    0   0   0      0   0   0       0.0       0.00               0.0               0.0         0.0          0.0       0.00%  0.000000e+00
18        body.1.blocks.0.cab.excite.1    0   0   0      0   0   0       0.0       0.00               0.0               0.0         0.0          0.0       0.00%  0.000000e+00
19        body.1.blocks.0.cab.excite.2    0   0   0      0   0   0       0.0       0.00               0.0               0.0         0.0          0.0       0.00%  0.000000e+00
20        body.1.blocks.0.cab.excite.3    0   0   0      0   0   0       0.0       0.00               0.0               0.0         0.0          0.0       0.00%  0.000000e+00
21        body.1.blocks.0.cab.excite.4    0   0   0      0   0   0       0.0       0.00               0.0               0.0         0.0          0.0       0.00%  0.000000e+00
22     body.1.blocks.0.cab.next.dwconv   60 256 256     60 256 256    3000.0      15.00     385,351,680.0     196,608,000.0  15740640.0   15728640.0       0.59%  3.146928e+07
23       body.1.blocks.0.cab.next.norm  256 256  60    256 256  60     120.0      15.00               0.0               0.0         0.0          0.0       0.34%  0.000000e+00
24    body.1.blocks.0.cab.next.pwconv1  256 256  60    256 256 240   14640.0      60.00         130,816.0          65,536.0  15787200.0   62914560.0       1.71%  7.870176e+07
25        body.1.blocks.0.cab.next.act  256 256 240    256 256 240       0.0      60.00               0.0               0.0         0.0          0.0       1.19%  0.000000e+00
26        body.1.blocks.0.cab.next.grn  256 256 240    256 256 240     480.0      60.00               0.0               0.0         0.0          0.0       8.88%  0.000000e+00
27    body.1.blocks.0.cab.next.pwconv2  256 256 240    256 256  60   14460.0      15.00         130,816.0          65,536.0  62972400.0   15728640.0       1.06%  7.870104e+07
28  body.1.blocks.0.cab.next.drop_path    0   0   0      0   0   0       0.0       0.00               0.0               0.0         0.0          0.0       0.00%  0.000000e+00
29             body.1.blocks.0.mlp.fc1   60 256 256    120 256 256   64800.0      30.00   8,485,601,280.0   4,246,732,800.0  15987840.0   31457280.0       4.01%  4.744512e+07
30             body.1.blocks.0.mlp.act  120 256 256    120 256 256       0.0      30.00               0.0               0.0         0.0          0.0       0.37%  0.000000e+00
31             body.1.blocks.0.mlp.fc2  120 256 256     60 256 256   64800.0      15.00   8,489,533,440.0   4,246,732,800.0  31716480.0   15728640.0       3.66%  4.744512e+07
32                         body.1.conv   60 256 256     60 256 256   32460.0      15.00   4,246,732,800.0   2,127,298,560.0  15858480.0   15728640.0       1.82%  3.158712e+07
33        body.2.blocks.0.cab.excite.0    0   0   0      0   0   0       0.0       0.00               0.0               0.0         0.0          0.0       0.00%  0.000000e+00
34        body.2.blocks.0.cab.excite.1    0   0   0      0   0   0       0.0       0.00               0.0               0.0         0.0          0.0       0.00%  0.000000e+00
35        body.2.blocks.0.cab.excite.2    0   0   0      0   0   0       0.0       0.00               0.0               0.0         0.0          0.0       0.00%  0.000000e+00
36        body.2.blocks.0.cab.excite.3    0   0   0      0   0   0       0.0       0.00               0.0               0.0         0.0          0.0       0.00%  0.000000e+00
37        body.2.blocks.0.cab.excite.4    0   0   0      0   0   0       0.0       0.00               0.0               0.0         0.0          0.0       0.00%  0.000000e+00
38     body.2.blocks.0.cab.next.dwconv   60 256 256     60 256 256    3000.0      15.00     385,351,680.0     196,608,000.0  15740640.0   15728640.0       0.59%  3.146928e+07
39       body.2.blocks.0.cab.next.norm  256 256  60    256 256  60     120.0      15.00               0.0               0.0         0.0          0.0       0.35%  0.000000e+00
40    body.2.blocks.0.cab.next.pwconv1  256 256  60    256 256 240   14640.0      60.00         130,816.0          65,536.0  15787200.0   62914560.0       1.76%  7.870176e+07
41        body.2.blocks.0.cab.next.act  256 256 240    256 256 240       0.0      60.00               0.0               0.0         0.0          0.0       1.20%  0.000000e+00
42        body.2.blocks.0.cab.next.grn  256 256 240    256 256 240     480.0      60.00               0.0               0.0         0.0          0.0       8.72%  0.000000e+00
43    body.2.blocks.0.cab.next.pwconv2  256 256 240    256 256  60   14460.0      15.00         130,816.0          65,536.0  62972400.0   15728640.0       1.06%  7.870104e+07
44  body.2.blocks.0.cab.next.drop_path    0   0   0      0   0   0       0.0       0.00               0.0               0.0         0.0          0.0       0.00%  0.000000e+00
45             body.2.blocks.0.mlp.fc1   60 256 256    120 256 256   64800.0      30.00   8,485,601,280.0   4,246,732,800.0  15987840.0   31457280.0       4.02%  4.744512e+07
46             body.2.blocks.0.mlp.act  120 256 256    120 256 256       0.0      30.00               0.0               0.0         0.0          0.0       0.37%  0.000000e+00
47             body.2.blocks.0.mlp.fc2  120 256 256     60 256 256   64800.0      15.00   8,489,533,440.0   4,246,732,800.0  31716480.0   15728640.0       3.68%  4.744512e+07
48                         body.2.conv   60 256 256     60 256 256   32460.0      15.00   4,246,732,800.0   2,127,298,560.0  15858480.0   15728640.0       1.84%  3.158712e+07
49        body.3.blocks.0.cab.excite.0    0   0   0      0   0   0       0.0       0.00               0.0               0.0         0.0          0.0       0.00%  0.000000e+00
50        body.3.blocks.0.cab.excite.1    0   0   0      0   0   0       0.0       0.00               0.0               0.0         0.0          0.0       0.00%  0.000000e+00
51        body.3.blocks.0.cab.excite.2    0   0   0      0   0   0       0.0       0.00               0.0               0.0         0.0          0.0       0.00%  0.000000e+00
52        body.3.blocks.0.cab.excite.3    0   0   0      0   0   0       0.0       0.00               0.0               0.0         0.0          0.0       0.00%  0.000000e+00
53        body.3.blocks.0.cab.excite.4    0   0   0      0   0   0       0.0       0.00               0.0               0.0         0.0          0.0       0.00%  0.000000e+00
54     body.3.blocks.0.cab.next.dwconv   60 256 256     60 256 256    3000.0      15.00     385,351,680.0     196,608,000.0  15740640.0   15728640.0       0.67%  3.146928e+07
55       body.3.blocks.0.cab.next.norm  256 256  60    256 256  60     120.0      15.00               0.0               0.0         0.0          0.0       0.32%  0.000000e+00
56    body.3.blocks.0.cab.next.pwconv1  256 256  60    256 256 240   14640.0      60.00         130,816.0          65,536.0  15787200.0   62914560.0       1.72%  7.870176e+07
57        body.3.blocks.0.cab.next.act  256 256 240    256 256 240       0.0      60.00               0.0               0.0         0.0          0.0       1.18%  0.000000e+00
58        body.3.blocks.0.cab.next.grn  256 256 240    256 256 240     480.0      60.00               0.0               0.0         0.0          0.0       8.66%  0.000000e+00
59    body.3.blocks.0.cab.next.pwconv2  256 256 240    256 256  60   14460.0      15.00         130,816.0          65,536.0  62972400.0   15728640.0       1.08%  7.870104e+07
60  body.3.blocks.0.cab.next.drop_path    0   0   0      0   0   0       0.0       0.00               0.0               0.0         0.0          0.0       0.00%  0.000000e+00
61             body.3.blocks.0.mlp.fc1   60 256 256    120 256 256   64800.0      30.00   8,485,601,280.0   4,246,732,800.0  15987840.0   31457280.0       4.01%  4.744512e+07
62             body.3.blocks.0.mlp.act  120 256 256    120 256 256       0.0      30.00               0.0               0.0         0.0          0.0       0.37%  0.000000e+00
63             body.3.blocks.0.mlp.fc2  120 256 256     60 256 256   64800.0      15.00   8,489,533,440.0   4,246,732,800.0  31716480.0   15728640.0       3.67%  4.744512e+07
64                         body.3.conv   60 256 256     60 256 256   32460.0      15.00   4,246,732,800.0   2,127,298,560.0  15858480.0   15728640.0       1.88%  3.158712e+07
65                     conv_after_body   60 256 256     60 256 256   32460.0      15.00   4,246,732,800.0   2,127,298,560.0  15858480.0   15728640.0       1.92%  3.158712e+07
66                            out.conv   60 256 256     48 256 256   25968.0      12.00   3,397,386,240.0   1,701,838,848.0  15832512.0   12582912.0       1.87%  2.841542e+07
67                              out.up   48 256 256    3 1024 1024       0.0      12.00               0.0               0.0         0.0          0.0       0.16%  0.000000e+00
68                                                                  839148.0    1314.00  94,286,379,008.0  47,209,250,816.0         0.0          0.0     100.00%  1.337922e+09
==============================================================================================================================================================================
Total params: 839,148
------------------------------------------------------------------------------------------------------------------------------------------------------------------------------
Total memory: 1314.00MB
Total MAdd: 94.29GMAdd
Total Flops: 47.21GFlops
Total MemR+W: 1.25GB

==================== DONE ====================
Total time: 63.8854